치킨 0 24 14
사과 25 0 0
바나나 27 1 0
쌀밥 37 4 0.5
닭가슴살 0 31 3.6
계란 1 6 5
감자 17 2 0
두부 2 8 4
빵 50 9 4.2
우유 5 3 2
피자 26 11 10
햄버거 30 14 10
스파게티 31 6 5
콩나물국 3 2 0
비빔밥 55 8 7
돈까스 20 13 15
김치찌개 4 6 9
순두부찌개 5 5 8
제육볶음 10 15 12
갈비 0 22 15
김밥 40 8 5
라면 42 9 16
초밥 38 6 0.5
닭볶음탕 10 14 12
오이 3 0.5 0.1
토마토 4 0.9 0.2
상추 2 1 0.1
콜라 26 0 0
사이다 25 0 0
맥주 13 1.6 0
소주 0 0 0
막걸리 14 0.5 0.1
샐러드 3 2 0.2
요구르트 15 5 0.5
견과류혼합 22 20 50
과일주스 26 0 0
스테이크 0 25 15
쿠스쿠스 36 6 0.3
연어 0 20 13
아보카도 9 2 15
브로콜리 7 3 0.4
퀴노아 21 4 1.9
바게트 58 9 1.5
치즈 0.3 25 33
닭다리 0 26 15
망고 15 0.8 0.4
파스타 75 13 1.5
피넛버터 20 25 50
감자칩 63 7 34
초콜릿 59 7 32
오트밀 28 6 2.4
베이컨 1 37 42
햄 0 21 20
블루베리 14 0.7 0.3
단호박 20 1 0.1
알밤 27 2 1.3
홍합 4 18 2
구운닭 0 27 14
팝콘 78 12 4
갈치 0 18 6
통밀빵 49 13 3
시리얼 82 7 1
